[backhome.jpg]
filters=retouch=1;
moddate=bbe77c03c99dd001
width=1293
height=768
textactive=0
[backhome.1.jpg]
filters=retouch=1;
moddate=9faf3c84c99dd001
width=1293
height=768
textactive=0
[form.jpg]
filters=Boost=1,0.000000;finetune2=1,0.000000,0.000000,0.000000,00000000,0.274854;
moddate=6094c7911da9d001
width=1024
height=768
textactive=0
